0,0737
AMD 0,3872 0,2173 0,2266
AMD 0,2565 0,2240 0,2297
AMD 0,3084 0,2247 0,2306
AMD 0,2147 0,2282 0,2273
AMD 0,2094 0,2337 0,2277
AMD 0,2151 0,2231 0,2962
AMD 0,2110 0,2231 0,2220
AMD 0,2110 0,2258 0,2222
AMD 0,2154 0,2209 0,2210
AMD 0,2100 0,2256 0,2227
AMD 0,2183 0,3196 0,2198
AMD 0,2228 0,2243 0,2177
AMD 0,2097 0,2242 0,2185
AMD 0,3168 0,2242 0,2190
AMD 0,2135 0,2263 0,2246
AMD 0,2171 0,2270 0,2202
AMD 0,2301 0,2266 0,2193
AMD 0,2153 0,2221 0,2232
AMD 0,2104 0,2255 0,2170
AMD 0,2137 0,2274 0,2201
AMD 0,2903 0,2312 0,2157
AMD 0,2082 0,2251 0,2189
AMD 0,2124 0,2236 0,2193
AMD 0,2161 0,2255 0,2144
AMD 0,2085 0,2283 0,2149
AMD 0,2060 0,2255 0,2155
AMD 0,2077 0,2236 0,2163
AMD 0,2084 0,2246 0,2164
AMD 0,2098 0,2235 0,2156
AMD 0,2104 0,2251 0,2167
AMD 0,2086 0,2268 0,2172
AMD 0,2086 0,2248 0,2145
AMD 0,2088 0,2318 0,2107
AMD 0,2058 0,2258 0,2110
AMD 0,2064 0,2242 0,2121
AMD 0,2059 0,2226 0,2104
AMD 0,2094 0,2250 0,2113
AMD 0,2086 0,3202 0,2138
AMD 0,2090 0,2304 0,2118
AMD 0,2077 0,2239 0,2101
0,0654
AMD 0,3866 0,2205 0,2275
AMD 0,2621 0,2241 0,2914
AMD 0,2189 0,2271 0,2294
AMD 0,2112 0,2360 0,2196
AMD 0,2066 0,2480 0,2210
AMD 0,2205 0,2338 0,2203
AMD 0,2119 0,2266 0,2194
AMD 0,2150 0,2271 0,2191
AMD 0,2165 0,2268 0,2150
AMD 0,2149 0,2265 0,2157
AMD 0,2163 0,2251 0,2197
AMD 0,2302 0,2241 0,2196
AMD 0,2476 0,2232 0,2209
AMD 0,2243 0,2260 0,2208
AMD 0,2298 0,2270 0,2222
AMD 0,2318 0,2290 0,2203
AMD 0,2175 0,2296 0,2190
AMD 0,2190 0,2277 0,2163
AMD 0,2101 0,2278 0,2171
AMD 0,2151 0,2187 0,2163
AMD 0,2072 0,2248 0,2154
AMD 0,2088 0,3207 0,2187
AMD 0,2058 0,2280 0,2191
AMD 0,2890 0,2262 0,2161
AMD 0,2074 0,2288 0,2166
AMD 0,2076 0,2297 0,2124
AMD 0,2097 0,2267 0,2165
AMD 0,2077 0,2260 0,2176
AMD 0,2081 0,2245 0,2157
AMD 0,2076 0,2256 0,2169
AMD 0,2070 0,2353 0,2117
AMD 0,2899 0,2266 0,2095
AMD 0,2078 0,2364 0,2116
AMD 0,2118 0,2271 0,2104
AMD 0,2099 0,2289 0,2130
AMD 0,2071 0,2237 0,2122
AMD 0,2064 0,2290 0,2146
AMD 0,2066 0,2249 0,2124
AMD 0,2098 0,2255 0,2156
AMD 0,2591 0,2183 0,2106
0,0694
AMD 0,3915 0,2176 0,2169
AMD 0,2562 0,2251 0,2199
AMD 0,2285 0,2264 0,2225
AMD 0,2080 0,2258 0,2194
AMD 0,2082 0,2373 0,2158
AMD 0,2135 0,2240 0,2193
AMD 0,2181 0,2246 0,3055
AMD 0,2179 0,2261 0,2212
AMD 0,2145 0,2237 0,2208
AMD 0,2320 0,2225 0,2179
AMD 0,2149 0,2430 0,2218
AMD 0,2124 0,2979 0,2188
AMD 0,2345 0,2268 0,2193
AMD 0,2100 0,2292 0,2180
AMD 0,2129 0,2295 0,2938
AMD 0,2214 0,2316 0,2150
AMD 0,2337 0,2272 0,2143
AMD 0,2146 0,2270 0,2162
AMD 0,2077 0,2272 0,2160
AMD 0,2435 0,2244 0,2177
AMD 0,2864 0,2290 0,2153
AMD 0,2096 0,2261 0,2136
AMD 0,2112 0,2272 0,2169
AMD 0,2219 0,2260 0,2179
AMD 0,2124 0,2266 0,2170
AMD 0,2067 0,2253 0,2175
AMD 0,2065 0,2251 0,2141
AMD 0,2089 0,2260 0,2149
AMD 0,2318 0,2220 0,2082
AMD 0,2076 0,2229 0,2121
AMD 0,2110 0,2244 0,2102
AMD 0,2353 0,2257 0,2113
AMD 0,2090 0,2337 0,2117
AMD 0,2071 0,2235 0,2096
AMD 0,2064 0,2245 0,2127
AMD 0,2093 0,2238 0,2118
AMD 0,2110 0,2257 0,2113
AMD 0,2088 0,3244 0,2115
AMD 0,2082 0,2276 0,2128
AMD 0,2108 0,2227 0,2131
0,0641
AMD 0,4552 0,2243 0,2204
AMD 0,3902 0,2577 0,2487
AMD 0,2312 0,2413 0,2567
AMD 0,2233 0,2467 0,2632
AMD 0,2369 0,2426 0,3931
AMD 0,2294 0,2531 0,2207
AMD 0,3283 0,2453 0,2492
AMD 0,2289 0,2533 0,2255
AMD 0,2269 0,2653 0,2221
AMD 0,2131 0,2585 0,2211
AMD 0,2142 0,2535 0,2171
AMD 0,2427 0,3551 0,2157
AMD 0,2524 0,2815 0,2170
AMD 0,2506 0,2603 0,2499
AMD 0,2333 0,2569 0,2144
AMD 0,2364 0,2478 0,2194
AMD 0,2302 0,2585 0,3653
AMD 0,2367 0,2654 0,2179
AMD 0,2325 0,2660 0,2141
AMD 0,2309 0,2727 0,2147
AMD 0,2149 0,2621 0,2122
AMD 0,2434 0,2635 0,2149
AMD 0,2603 0,2554 0,2157
AMD 0,3312 0,2623 0,2176
AMD 0,2153 0,2650 0,2193
AMD 0,3706 0,2552 0,2155
AMD 0,2082 0,2522 0,2126
AMD 0,2106 0,2573 0,2093
AMD 0,2172 0,2569 0,2075
AMD 0,3568 0,2552 0,2106
AMD 0,2121 0,2631 0,2136
AMD 0,2246 0,2470 0,2113
AMD 0,2280 0,2589 0,2132
AMD 0,2348 0,2539 0,2147
AMD 0,2244 0,2639 0,2177
AMD 0,2214 0,3566 0,2168
AMD 0,2264 0,2596 0,2094
AMD 0,3238 0,2678 0,2114
AMD 0,2524 0,2745 0,2122
AMD 0,2513 0,2611 0,2120
0,0615
AMD 0,4183 0,2518 0,2560
AMD 0,2742 0,2538 0,3443
AMD 0,2609 0,2536 0,2291
AMD 0,2192 0,2613 0,2266
AMD 0,2096 0,2669 0,2265
AMD 0,2096 0,2579 0,2346
AMD 0,2169 0,2697 0,3240
AMD 0,3079 0,2744 0,2390
AMD 0,2121 0,2819 0,2472
AMD 0,2110 0,2818 0,2441
AMD 0,2089 0,2943 0,3009
AMD 0,2104 0,2982 0,2421
AMD 0,2138 0,3587 0,2439
AMD 0,2096 0,3130 0,2364
AMD 0,2081 0,2929 0,2313
AMD 0,2101 0,3993 0,3639
AMD 0,2077 0,3107 0,2657
AMD 0,2108 0,3001 0,3357
AMD 0,3173 0,2954 0,2357
AMD 0,2145 0,2929 0,2441
AMD 0,2149 0,2759 0,2396
AMD 0,2122 0,2757 0,2364
AMD 0,2167 0,2791 0,2822
AMD 0,2100 0,2659 0,2602
AMD 0,2096 0,2665 0,3131
AMD 0,2081 0,2749 0,2419
AMD 0,2050 0,2639 0,2227
AMD 0,2083 0,2578 0,2265
AMD 0,2094 0,2573 0,2215
AMD 0,2964 0,2460 0,2754
AMD 0,2103 0,2485 0,2623
AMD 0,2147 0,2544 0,3488
AMD 0,2565 0,2602 0,4150
AMD 0,2621 0,2495 0,2302
AMD 0,2653 0,2495 0,2294
AMD 0,2742 0,2593 0,2354
AMD 0,2429 0,2654 0,2296
AMD 0,2441 0,4128 0,2611
AMD 0,3354 0,3033 0,2920
AMD 0,2358 0,3024 0,2246
0,0680
AMD 0,5619 0,2729 0,3336
AMD 0,3912 0,2917 0,2234
AMD 0,2161 0,3068 0,2567
AMD 0,2112 0,2965 0,2426
AMD 0,3723 0,2864 0,3325
AMD 0,2223 0,2718 0,2283
AMD 0,2259 0,3324 0,2295
AMD 0,2332 0,2936 0,2586
AMD 0,2537 0,2901 0,2424
AMD 0,2077 0,3096 0,2405
AMD 0,2071 0,3075 0,2428
AMD 0,2209 0,3152 0,2785
AMD 0,2284 0,3009 0,2201
AMD 0,2381 0,3230 0,2250
AMD 0,2386 0,3235 0,3475
AMD 0,2570 0,2930 0,2340
AMD 0,2541 0,3979 0,2290
AMD 0,2412 0,2874 0,2600
AMD 0,2337 0,2793 0,2486
AMD 0,2342 0,2868 0,2439
AMD 0,2310 0,2809 0,2205
AMD 0,2431 0,2811 0,2169
AMD 0,2586 0,2589 0,2103
AMD 0,2066 0,2914 0,3492
AMD 0,2071 0,2936 0,2246
AMD 0,2083 0,3034 0,2275
AMD 0,2232 0,2982 0,2549
AMD 0,2196 0,2882 0,2286
AMD 0,2357 0,2837 0,3039
AMD 0,3906 0,2673 0,2122
AMD 0,2096 0,3259 0,2374
AMD 0,2352 0,3233 0,3241
AMD 0,2514 0,3103 0,2274
AMD 0,3370 0,3208 0,2434
AMD 0,2243 0,3055 0,2443
AMD 0,3483 0,3249 0,3105
AMD 0,2247 0,3490 0,2457
AMD 0,2115 0,4368 0,2097
AMD 0,2317 0,3069 0,2233
AMD 0,2695 0,3147 0,2209
0,0667
AMD 0,2561 0,2145 0,2214
AMD 0,3805 0,2306 0,2194
AMD 0,2439 0,2269 0,2201
AMD 0,2220 0,2278 0,2163
AMD 0,2177 0,2364 0,2193
AMD 0,2096 0,2323 0,2203
AMD 0,2086 0,2321 0,2188
AMD 0,2100 0,2318 0,2177
AMD 0,2152 0,2379 0,2174
AMD 0,2159 0,2466 0,2152
AMD 0,2256 0,2471 0,2161
AMD 0,2351 0,2383 0,2203
AMD 0,2198 0,2417 0,2219
AMD 0,2088 0,2524 0,2196
AMD 0,2285 0,2394 0,2166
AMD 0,2372 0,2455 0,2173
AMD 0,3126 0,2569 0,2153
AMD 0,2281 0,2591 0,3004
AMD 0,2223 0,2480 0,2186
AMD 0,2132 0,2478 0,2201
AMD 0,2088 0,2345 0,2208
AMD 0,2090 0,2421 0,2129
AMD 0,2187 0,3432 0,2114
AMD 0,2243 0,2594 0,2108
AMD 0,3209 0,2499 0,2172
AMD 0,2125 0,2457 0,2142
AMD 0,2340 0,2421 0,2126
AMD 0,2312 0,2416 0,2163
AMD 0,3042 0,2389 0,2153
AMD 0,2081 0,2465 0,2124
AMD 0,2240 0,2545 0,2126
AMD 0,2225 0,2480 0,2110
AMD 0,2276 0,2371 0,2096
AMD 0,2126 0,2368 0,2101
AMD 0,2401 0,2357 0,2134
AMD 0,2301 0,2407 0,2133
AMD 0,2809 0,2435 0,2120
AMD 0,2087 0,2328 0,2071
AMD 0,2103 0,2384 0,2068
AMD 0,2193 0,2435 0,2121
0,0661
AMD 0,3846 0,2195 0,2197
AMD 0,2881 0,2271 0,2216
AMD 0,2729 0,2250 0,2189
AMD 0,2098 0,2230 0,2184
AMD 0,2112 0,2284 0,2194
AMD 0,2113 0,2243 0,2225
AMD 0,2140 0,2242 0,2189
AMD 0,2318 0,2220 0,2137
AMD 0,2143 0,2241 0,2132
AMD 0,2146 0,2249 0,2170
AMD 0,2281 0,2217 0,2144
AMD 0,2278 0,2241 0,2163
AMD 0,2111 0,2234 0,2141
AMD 0,2182 0,2241 0,2159
AMD 0,2744 0,2494 0,2112
AMD 0,2085 0,2875 0,3019
AMD 0,2119 0,2288 0,2171
AMD 0,2119 0,2287 0,2148
AMD 0,2189 0,2270 0,2177
AMD 0,2085 0,2264 0,2126
AMD 0,2044 0,2269 0,2096
AMD 0,2060 0,2278 0,2090
AMD 0,2081 0,2274 0,2110
AMD 0,2072 0,2257 0,2139
AMD 0,2090 0,2273 0,2110
AMD 0,3451 0,2266 0,2142
AMD 0,2068 0,2266 0,2116
AMD 0,2071 0,2296 0,2121
AMD 0,2069 0,2283 0,2099
AMD 0,2156 0,2287 0,2120
AMD 0,2081 0,2274 0,2124
AMD 0,2073 0,2256 0,2121
AMD 0,2083 0,2337 0,2110
AMD 0,2092 0,2228 0,2128
AMD 0,2066 0,2250 0,2112
AMD 0,2059 0,2245 0,2086
AMD 0,2060 0,2242 0,2070
AMD 0,3035 0,2239 0,2089
AMD 0,2074 0,2246 0,2087
AMD 0,2072 0,2201 0,2099
0,0654
AMD 0,3976 0,2185 0,2185
AMD 0,2911 0,2260 0,2201
AMD 0,2157 0,2269 0,2212
AMD 0,2066 0,2259 0,2195
AMD 0,2080 0,2322 0,2165
AMD 0,2138 0,2249 0,2163
AMD 0,2180 0,2229 0,2122
AMD 0,2128 0,2217 0,2149
AMD 0,2258 0,2260 0,2152
AMD 0,2145 0,2271 0,2137
AMD 0,2097 0,2232 0,2129
AMD 0,2138 0,2237 0,2182
AMD 0,2264 0,2213 0,2122
AMD 0,3069 0,2259 0,2150
AMD 0,2300 0,2861 0,2144
AMD 0,2239 0,2678 0,2153
AMD 0,2291 0,2294 0,2175
AMD 0,2096 0,2264 0,2167
AMD 0,2093 0,2264 0,2138
AMD 0,2107 0,2251 0,2117
AMD 0,2067 0,2264 0,2111
AMD 0,2755 0,2267 0,2111
AMD 0,2094 0,2284 0,2130
AMD 0,2143 0,2248 0,2119
AMD 0,2077 0,2268 0,2128
AMD 0,2076 0,2282 0,2101
AMD 0,2070 0,2256 0,2129
AMD 0,2074 0,2278 0,2132
AMD 0,2095 0,2258 0,2096
AMD 0,2076 0,2298 0,2079
AMD 0,2090 0,2272 0,2110
AMD 0,2136 0,2275 0,2287
AMD 0,2150 0,2330 0,2128
AMD 0,2091 0,2222 0,2084
AMD 0,2048 0,2225 0,2096
AMD 0,2053 0,2314 0,2128
AMD 0,2057 0,2230 0,2099
AMD 0,2972 0,2305 0,2069
AMD 0,2086 0,2242 0,2103
AMD 0,2100 0,2203 0,2089
0,0534
AMD 0,3816 0,2152 0,2191
AMD 0,2816 0,2285 0,2174
AMD 0,2179 0,2274 0,2220
AMD 0,2100 0,2284 0,2284
AMD 0,2097 0,2368 0,2189
AMD 0,2122 0,2262 0,2219
AMD 0,2146 0,2314 0,2147
AMD 0,2118 0,2290 0,2144
AMD 0,2151 0,2298 0,2144
AMD 0,3206 0,2302 0,2146
AMD 0,2180 0,2335 0,2124
AMD 0,2105 0,2292 0,3065
AMD 0,2374 0,2326 0,2148
AMD 0,2116 0,2339 0,2155
AMD 0,2182 0,2322 0,2173
AMD 0,2265 0,2281 0,2142
AMD 0,2051 0,2308 0,2147
AMD 0,2083 0,2286 0,2125
AMD 0,2520 0,2869 0,2108
AMD 0,2209 0,2605 0,2090
AMD 0,2117 0,2270 0,2111
AMD 0,2066 0,2281 0,2105
AMD 0,2056 0,2250 0,2334
AMD 0,2060 0,2248 0,2117
AMD 0,2062 0,2266 0,2127
AMD 0,2100 0,2250 0,2122
AMD 0,2084 0,2271 0,2138
AMD 0,2083 0,2285 0,2108
AMD 0,2186 0,2229 0,2146
AMD 0,2098 0,2270 0,2121
AMD 0,2090 0,2264 0,2106
AMD 0,2083 0,2282 0,2083
AMD 0,2078 0,2370 0,2065
AMD 0,2066 0,2251 0,2096
AMD 0,2066 0,2262 0,2648
AMD 0,2051 0,2244 0,2084
AMD 0,2049 0,2251 0,2098
AMD 0,3122 0,2244 0,2106
AMD 0,2092 0,2233 0,2105
AMD 0,2103 0,2181 0,2096
