0,0839
AMD 0,3976 0,4838 0,2671
AMD 0,3137 0,2883 0,2612
AMD 0,2707 0,2227 0,2620
AMD 0,2564 0,2246 0,2662
AMD 0,2439 0,2284 0,3136
AMD 0,2612 0,2252 0,2703
AMD 0,2496 0,2288 0,2558
AMD 0,2585 0,2257 0,2646
AMD 0,2459 0,2217 0,2657
AMD 0,2519 0,2327 0,2529
AMD 0,2416 0,2367 0,2646
AMD 0,2616 0,2369 0,2657
AMD 0,2379 0,3104 0,3321
AMD 0,2522 0,2259 0,2662
AMD 0,3816 0,2290 0,2620
AMD 0,2492 0,2269 0,2576
AMD 0,2569 0,2279 0,2659
AMD 0,2493 0,2385 0,2566
AMD 0,2436 0,2360 0,2583
AMD 0,2505 0,2276 0,2568
NVIDIA 1,3757 0,1731 0,9644
NVIDIA 1,2314 0,1628 1,1099
NVIDIA 1,3766 0,1597 1,1919
NVIDIA 1,2978 0,1618 1,2704
NVIDIA 1,3582 0,1618 1,1632
NVIDIA 1,2582 0,1630 1,0180
NVIDIA 1,4053 0,1608 0,9709
NVIDIA 1,2532 0,1618 1,1689
NVIDIA 1,2632 0,1608 0,9709
NVIDIA 1,2921 0,1618 0,9716
NVIDIA 1,2134 0,1608 1,1077
NVIDIA 1,1708 0,1638 0,9746
NVIDIA 1,0224 0,1618 0,9451
NVIDIA 1,1145 0,1628 0,8586
NVIDIA 1,0551 0,1618 0,8654
NVIDIA 2,2020 0,1628 0,8488
NVIDIA 1,0224 0,1618 0,8488
NVIDIA 1,1202 0,1610 0,8407
NVIDIA 0,9896 0,1638 0,9728
NVIDIA 1,0428 0,1598 0,8512
0,0848
AMD 0,4078 0,4841 0,2666
AMD 0,2734 0,3040 0,2736
AMD 0,2780 0,2278 0,2671
AMD 0,2527 0,2271 0,2660
AMD 0,2340 0,2249 0,2596
AMD 0,2556 0,2226 0,2604
AMD 0,2518 0,2243 0,2526
AMD 0,2580 0,2244 0,2825
AMD 0,2490 0,2269 0,2674
AMD 0,2448 0,2249 0,2647
AMD 0,2561 0,2337 0,2661
AMD 0,2524 0,2274 0,2526
AMD 0,2547 0,2238 0,2604
AMD 0,2433 0,2248 0,2593
AMD 0,2572 0,2248 0,2562
AMD 0,2428 0,2271 0,2510
AMD 0,2545 0,2718 0,2746
AMD 0,3573 0,2761 0,2594
AMD 0,2483 0,2277 0,2724
AMD 0,2524 0,2231 0,2615
NVIDIA 1,3982 0,1700 1,2518
NVIDIA 1,4985 0,1608 1,1721
NVIDIA 1,4395 0,1608 1,1525
NVIDIA 1,4419 0,1649 1,2420
NVIDIA 1,2667 0,1608 1,1007
NVIDIA 1,2941 0,1597 1,1251
NVIDIA 1,2323 0,1608 1,0189
NVIDIA 1,2640 0,1618 1,1299
NVIDIA 0,9947 0,1608 1,0569
NVIDIA 0,9765 0,1618 0,9052
NVIDIA 0,9997 0,1608 0,9115
NVIDIA 0,9875 0,1618 0,8735
NVIDIA 0,9968 0,1608 0,8749
NVIDIA 1,1150 0,1608 1,0880
NVIDIA 1,0628 0,1608 0,9729
NVIDIA 1,0797 0,1618 0,9922
NVIDIA 1,0300 0,1618 1,0137
NVIDIA 1,0285 0,1628 0,9644
NVIDIA 1,1155 0,1597 1,0988
NVIDIA 1,0607 0,1608 1,0597
0,0862
AMD 0,3905 0,4867 0,3190
AMD 0,3788 0,5519 0,2659
AMD 0,2753 0,4779 0,2774
AMD 0,2512 0,5486 0,2677
AMD 0,2594 0,2679 0,2696
AMD 0,2463 0,2297 0,2673
AMD 0,2449 0,2295 0,2612
AMD 0,2514 0,2348 0,2590
AMD 0,2569 0,2275 0,2566
AMD 0,2536 0,2348 0,2687
AMD 0,2540 0,2358 0,2578
AMD 0,2403 0,2332 0,2552
AMD 0,2463 0,2372 0,2656
AMD 0,3599 0,2493 0,2566
AMD 0,2566 0,2131 0,2518
AMD 0,2436 0,2243 0,2600
AMD 0,2591 0,2232 0,2578
AMD 0,2412 0,2234 0,2592
AMD 0,2485 0,2243 0,2618
AMD 0,2447 0,2204 0,2645
NVIDIA 1,3139 0,1690 0,9702
NVIDIA 1,5005 0,1628 1,0567
NVIDIA 1,2855 0,1628 1,0155
NVIDIA 1,4601 0,1628 1,1396
NVIDIA 1,3146 0,1618 1,1622
NVIDIA 1,1294 0,1638 1,2226
NVIDIA 1,1418 0,1628 1,0003
NVIDIA 1,3155 0,1618 0,9789
NVIDIA 1,1483 0,1628 1,1234
NVIDIA 1,2562 0,1628 0,9772
NVIDIA 1,1227 0,1618 1,1378
NVIDIA 1,1992 0,1618 0,9800
NVIDIA 1,1575 0,1618 0,8652
NVIDIA 1,0232 0,1628 0,8488
NVIDIA 1,0653 0,1608 0,8413
NVIDIA 3,2915 0,1618 0,9470
NVIDIA 1,0725 0,1628 0,8421
NVIDIA 1,0725 0,1608 0,8437
NVIDIA 1,0358 0,1628 0,8418
NVIDIA 1,0008 0,1608 0,8415
0,0913
AMD 0,3980 0,4865 0,2660
AMD 0,3646 0,2936 0,2677
AMD 0,2429 0,2243 0,2647
AMD 0,2390 0,2246 0,2622
AMD 0,3370 0,3066 0,2556
AMD 0,2458 0,2453 0,2557
AMD 0,2612 0,2267 0,2581
AMD 0,2536 0,2282 0,2522
AMD 0,2595 0,2273 0,2502
AMD 0,2496 0,2293 0,2550
AMD 0,2448 0,2433 0,2628
AMD 0,2604 0,2368 0,2540
AMD 0,2523 0,2364 0,2620
AMD 0,2600 0,2511 0,2554
AMD 0,2461 0,2430 0,2516
AMD 0,2594 0,2358 0,2664
AMD 0,2526 0,2362 0,2533
AMD 0,2480 0,2475 0,2565
AMD 0,2432 0,2164 0,2487
AMD 0,3727 0,2198 0,2585
NVIDIA 1,2687 0,1707 1,0190
NVIDIA 1,4237 0,1608 1,2564
NVIDIA 1,3755 0,1628 1,1431
NVIDIA 1,3065 0,1628 1,1405
NVIDIA 1,1969 0,1628 1,1208
NVIDIA 1,1473 0,1608 1,2022
NVIDIA 1,2835 0,1628 1,1098
NVIDIA 1,3647 0,1638 1,0816
NVIDIA 1,1207 0,1638 1,0907
NVIDIA 1,1098 0,1628 1,1058
NVIDIA 1,2855 0,1638 1,2301
NVIDIA 1,2671 0,1618 1,0807
NVIDIA 1,0254 0,1618 0,9635
NVIDIA 0,9901 0,1638 0,9963
NVIDIA 1,0341 0,1608 1,0793
NVIDIA 1,5394 0,1628 0,9636
NVIDIA 1,1790 0,1649 0,9803
NVIDIA 1,1432 0,1608 0,9759
NVIDIA 1,0787 0,1628 0,9483
NVIDIA 1,0284 0,1608 1,0628
0,0813
AMD 0,4777 0,5289 0,3052
AMD 0,2631 0,3155 0,2662
AMD 0,2675 0,2465 0,2674
AMD 0,2604 0,2542 0,2640
AMD 0,2497 0,2190 0,2639
AMD 0,2554 0,2296 0,2660
AMD 0,2488 0,2313 0,2711
AMD 0,2523 0,2292 0,3629
AMD 0,2521 0,2246 0,2608
AMD 0,3659 0,2360 0,2613
AMD 0,2579 0,2456 0,2572
AMD 0,2437 0,2361 0,2566
AMD 0,2647 0,2380 0,2584
AMD 0,2568 0,2356 0,2594
AMD 0,2539 0,2432 0,2550
AMD 0,2514 0,2252 0,2543
AMD 0,2451 0,2267 0,3637
AMD 0,2421 0,2260 0,2647
AMD 0,2482 0,2289 0,2618
AMD 0,2522 0,3208 0,2634
NVIDIA 1,3740 0,1696 0,9716
NVIDIA 1,5210 0,1618 1,0741
NVIDIA 1,3478 0,1628 1,0678
NVIDIA 1,3964 0,1618 1,1775
NVIDIA 1,4229 0,1618 1,2452
NVIDIA 1,2778 0,1628 1,1745
NVIDIA 1,2875 0,1628 1,1286
NVIDIA 1,1492 0,1638 1,1468
NVIDIA 1,1591 0,1630 1,2268
NVIDIA 0,9563 0,1618 1,1049
NVIDIA 0,9937 0,1628 0,9872
NVIDIA 0,9732 0,1618 0,8244
NVIDIA 1,0070 0,1628 0,8570
NVIDIA 1,0535 0,1618 0,8580
NVIDIA 1,0630 0,1618 0,9636
NVIDIA 1,0418 0,1628 0,8509
NVIDIA 1,0378 0,1628 0,8503
NVIDIA 1,0469 0,1597 0,8570
NVIDIA 1,0460 0,1628 0,8418
NVIDIA 1,0888 0,1628 0,8497
0,0909
AMD 0,4004 0,5805 0,2543
AMD 0,3383 0,4738 0,2681
AMD 0,2651 0,4734 0,2655
AMD 0,2600 0,2346 0,2677
AMD 0,2459 0,2227 0,2623
AMD 0,2468 0,2212 0,2741
AMD 0,2620 0,2250 0,2647
AMD 0,2611 0,3297 0,2624
AMD 0,2442 0,2256 0,2443
AMD 0,2559 0,2259 0,2548
AMD 0,2480 0,2352 0,3232
AMD 0,2552 0,2266 0,2548
AMD 0,3698 0,2281 0,2606
AMD 0,2476 0,2264 0,2570
AMD 0,2628 0,2307 0,2543
AMD 0,2444 0,2351 0,2572
AMD 0,2582 0,2349 0,2483
AMD 0,2463 0,2360 0,2538
AMD 0,2427 0,2538 0,2555
AMD 0,2417 0,2434 0,2595
NVIDIA 1,3224 0,1700 0,9606
NVIDIA 1,3105 0,1608 1,0956
NVIDIA 1,2759 0,1618 1,2437
NVIDIA 1,4007 0,1597 1,0967
NVIDIA 1,3777 0,1608 1,0900
NVIDIA 1,2207 0,1628 1,0884
NVIDIA 1,1633 0,1597 1,3023
NVIDIA 1,2943 0,1628 1,1130
NVIDIA 1,2409 0,1597 1,0866
NVIDIA 1,1274 0,1629 1,1959
NVIDIA 1,2195 0,1608 1,1809
NVIDIA 1,3419 0,1638 1,0763
NVIDIA 1,2466 0,1608 0,9809
NVIDIA 1,0551 0,1638 0,9799
NVIDIA 1,0623 0,1621 0,9821
NVIDIA 1,0868 0,1618 1,0865
NVIDIA 1,0541 0,1618 0,9646
NVIDIA 1,1585 0,1618 0,9841
NVIDIA 1,0297 0,1618 0,9970
NVIDIA 1,0312 0,1608 0,9506
0,0847
AMD 0,3959 0,4833 0,2584
AMD 0,3171 0,4738 0,2614
AMD 0,2612 0,4740 0,2814
AMD 0,2416 0,3710 0,2723
AMD 0,2567 0,2297 0,2733
AMD 0,2507 0,2267 0,2671
AMD 0,2596 0,2268 0,2637
AMD 0,2501 0,2269 0,2582
AMD 0,2583 0,2386 0,2564
AMD 0,2435 0,2380 0,2518
AMD 0,2568 0,2498 0,2606
AMD 0,2478 0,2433 0,2534
AMD 0,2687 0,2530 0,2601
AMD 0,2573 0,2330 0,2568
AMD 0,2524 0,2471 0,2598
AMD 0,2580 0,2422 0,2554
AMD 0,2568 0,2464 0,2615
AMD 0,2513 0,2251 0,2667
AMD 0,2421 0,2271 0,2645
AMD 0,2473 0,2200 0,3602
NVIDIA 1,3022 0,1699 1,0323
NVIDIA 1,2987 0,1608 1,3612
NVIDIA 1,4948 0,1628 1,2810
NVIDIA 1,3064 0,1621 1,1499
NVIDIA 1,2941 0,1618 1,1412
NVIDIA 1,0779 0,1628 1,2708
NVIDIA 1,1212 0,1628 1,1850
NVIDIA 1,1140 0,1608 1,2308
NVIDIA 1,2132 0,1618 0,9027
NVIDIA 1,1916 0,1628 0,9527
NVIDIA 1,1176 0,1629 1,0180
NVIDIA 1,1297 0,1628 0,8827
NVIDIA 1,0167 0,1618 0,8571
NVIDIA 1,0408 0,1608 0,9081
NVIDIA 1,0551 0,1638 0,9156
NVIDIA 1,0695 0,1608 1,0136
NVIDIA 1,6296 0,1628 0,9318
NVIDIA 1,0715 0,1597 0,9237
NVIDIA 1,0285 0,1628 0,9068
NVIDIA 1,0674 0,1608 0,9163
0,0901
AMD 0,3946 0,4828 0,2594
AMD 0,2944 0,4735 0,2712
AMD 0,2578 0,3301 0,2570
AMD 0,2418 0,3342 0,2799
AMD 0,2477 0,2309 0,2721
AMD 0,2530 0,2360 0,2758
AMD 0,2519 0,2347 0,2729
AMD 0,2523 0,2513 0,2683
AMD 0,2433 0,2200 0,2581
AMD 0,2522 0,2309 0,2571
AMD 0,2461 0,2385 0,3576
AMD 0,2499 0,2364 0,2592
AMD 0,2449 0,2466 0,2526
AMD 0,2589 0,2384 0,2547
AMD 0,2528 0,2426 0,2504
AMD 0,2554 0,2437 0,2505
AMD 0,2507 0,2473 0,2536
AMD 0,2505 0,2134 0,2602
AMD 0,2469 0,2235 0,3350
AMD 0,3696 0,2194 0,2580
NVIDIA 1,3386 0,1700 1,1042
NVIDIA 1,3151 0,1608 1,3956
NVIDIA 1,2961 0,1628 1,2277
NVIDIA 1,2747 0,1638 1,1303
NVIDIA 1,3639 0,1628 1,1416
NVIDIA 1,3163 0,1618 1,2845
NVIDIA 1,2088 0,1618 1,2749
NVIDIA 1,1149 0,1597 1,2708
NVIDIA 1,2387 0,1638 1,2586
NVIDIA 1,2703 0,1608 1,3175
NVIDIA 1,1363 0,1618 1,1019
NVIDIA 1,2323 0,1628 0,9400
NVIDIA 1,0377 0,1618 0,9400
NVIDIA 1,0218 0,1597 0,9343
NVIDIA 1,0316 0,1628 1,0445
NVIDIA 1,6593 0,1618 0,9635
NVIDIA 1,1872 0,1618 0,9831
NVIDIA 1,0541 0,1628 0,9805
NVIDIA 1,0070 0,1628 0,9319
NVIDIA 1,0300 0,1608 1,0505
0,0825
AMD 0,3979 0,4830 0,2575
AMD 0,2717 0,4257 0,2713
AMD 0,3538 0,2340 0,2598
AMD 0,2490 0,3375 0,2761
AMD 0,2583 0,2362 0,2675
AMD 0,2566 0,2544 0,2693
AMD 0,2602 0,2284 0,2703
AMD 0,2491 0,2314 0,2626
AMD 0,2445 0,2289 0,2653
AMD 0,2458 0,2267 0,2629
AMD 0,2463 0,2391 0,2605
AMD 0,2423 0,2334 0,2605
AMD 0,2513 0,2374 0,2568
AMD 0,2583 0,2509 0,2621
AMD 0,2483 0,2318 0,2546
AMD 0,2580 0,2364 0,2602
AMD 0,2487 0,2378 0,2570
AMD 0,2589 0,2456 0,2631
AMD 0,2469 0,2133 0,2673
AMD 0,2459 0,2200 0,2708
NVIDIA 1,2438 0,1709 1,0324
NVIDIA 1,4208 0,1618 1,2717
NVIDIA 1,2538 0,1608 1,1305
NVIDIA 1,2886 0,1608 1,1812
NVIDIA 1,1917 0,1608 1,1233
NVIDIA 1,1938 0,1597 1,1314
NVIDIA 1,2777 0,1628 1,2207
NVIDIA 1,1171 0,1628 1,1402
NVIDIA 1,1211 0,1628 0,9691
NVIDIA 1,0694 0,1609 0,9026
NVIDIA 1,0759 0,1618 1,0014
NVIDIA 0,9394 0,1618 0,8900
NVIDIA 0,9578 0,1628 0,8898
NVIDIA 0,9641 0,1638 0,9748
NVIDIA 1,4996 0,1628 0,9636
NVIDIA 1,1741 0,1618 1,0362
NVIDIA 1,0951 0,1608 1,0007
NVIDIA 1,0408 0,1620 0,9646
NVIDIA 1,0234 0,1618 0,9482
NVIDIA 0,9814 0,1649 0,9900
0,0904
AMD 0,4696 0,4857 0,2739
AMD 0,2654 0,4059 0,2762
AMD 0,2596 0,2404 0,2702
AMD 0,2451 0,2340 0,2594
AMD 0,2602 0,2441 0,2614
AMD 0,2482 0,2441 0,2643
AMD 0,2565 0,2159 0,2700
AMD 0,2417 0,2228 0,2647
AMD 0,2610 0,2256 0,2527
AMD 0,2445 0,2267 0,2609
AMD 0,2591 0,2352 0,2471
AMD 0,2584 0,2297 0,2528
AMD 0,2396 0,2263 0,2584
AMD 0,2564 0,2224 0,3745
AMD 0,2417 0,2241 0,2594
AMD 0,3810 0,2203 0,2584
AMD 0,2568 0,2273 0,2558
AMD 0,2501 0,3275 0,2571
AMD 0,2479 0,2280 0,2603
AMD 0,2424 0,2208 0,2527
NVIDIA 1,3876 0,1679 1,0121
NVIDIA 1,4135 0,1618 1,1021
NVIDIA 1,3931 0,1608 1,1780
NVIDIA 1,3439 0,1628 1,2297
NVIDIA 1,3692 0,1618 1,1427
NVIDIA 1,1237 0,1608 1,2416
NVIDIA 1,1840 0,1628 1,1359
NVIDIA 1,2307 0,1618 1,0731
NVIDIA 1,1524 0,1619 1,2752
NVIDIA 1,3433 0,1618 1,0997
NVIDIA 1,1600 0,1618 1,0876
NVIDIA 1,1202 0,1628 1,1869
NVIDIA 1,0224 0,1608 1,0812
NVIDIA 1,1246 0,1628 0,9717
NVIDIA 1,4898 0,1628 0,9729
NVIDIA 1,0633 0,1638 0,9562
NVIDIA 1,0137 0,1638 0,9973
NVIDIA 1,0469 0,1608 1,0732
NVIDIA 1,1288 0,1628 0,9636
NVIDIA 0,9967 0,1618 0,9644
