1.4640
AMD 0.4904 0.6347 0.3787
AMD 0.4175 0.5588 0.3650
AMD 0.2789 0.4841 0.2808
AMD 0.2570 0.4878 0.2681
AMD 0.2481 0.3672 0.2854
AMD 0.3690 0.2470 0.2780
AMD 0.2537 0.3035 0.3848
AMD 0.2538 0.5659 0.2701
AMD 0.2612 0.4896 0.2617
AMD 0.2484 1.0579 0.2680
AMD 0.2630 1.2309 0.2727
AMD 0.2461 1.2226 0.2697
AMD 0.2598 1.2242 0.2768
AMD 0.2436 1.2473 0.3828
AMD 0.2600 1.1817 0.2669
AMD 0.2591 0.6299 0.2818
AMD 0.2506 0.6295 0.2733
AMD 0.2536 0.6294 0.2806
AMD 0.2463 0.6283 0.2728
AMD 0.2490 0.6218 0.3810
NVIDIA 1.1923 0.1729 1.2152
NVIDIA 1.2120 0.1628 1.2430
NVIDIA 1.3045 0.1597 1.3214
NVIDIA 1.1432 0.1608 1.3289
NVIDIA 1.1651 0.1608 1.3691
NVIDIA 1.3008 0.1618 1.2308
NVIDIA 1.2794 0.1628 1.1471
NVIDIA 1.0919 0.1618 1.2820
NVIDIA 1.2139 0.1618 1.4203
NVIDIA 1.2681 0.1628 1.2784
NVIDIA 1.2532 0.1618 1.2807
NVIDIA 1.1027 0.1618 1.5608
NVIDIA 1.0140 0.1618 1.0045
NVIDIA 1.1441 0.1618 1.0362
NVIDIA 1.0132 0.1618 0.9156
NVIDIA 1.1165 0.1608 0.9313
NVIDIA 1.0735 0.1628 1.0536
NVIDIA 1.1729 0.1628 0.9728
NVIDIA 1.1872 0.1618 0.9731
NVIDIA 1.0551 0.1618 0.9164
0.5238
AMD 0.3970 0.4958 0.2673
AMD 0.3934 0.8696 0.2739
AMD 0.2616 0.8622 0.2691
AMD 0.2480 0.5010 0.2803
AMD 0.2686 0.5016 0.2976
AMD 0.2542 1.1584 0.2801
AMD 0.2527 1.2318 0.2930
AMD 0.2507 1.0301 0.2975
AMD 0.2644 0.6163 0.2864
AMD 0.2418 0.6820 0.2822
AMD 0.2606 0.6624 0.2755
AMD 0.2499 0.3167 0.2765
AMD 0.2823 0.3206 0.2870
AMD 0.2633 0.4341 0.2734
AMD 0.2589 0.2940 0.2637
AMD 0.2656 0.2647 0.2630
AMD 0.2641 0.2661 0.2592
AMD 0.2789 0.2762 0.2664
AMD 0.2749 0.2996 0.2745
AMD 0.2591 0.2883 0.2624
NVIDIA 1.2844 0.1720 1.1357
NVIDIA 1.2812 0.1608 1.2556
NVIDIA 1.2443 0.1608 1.6711
NVIDIA 1.2665 0.1608 1.3917
NVIDIA 1.2716 0.1608 1.3700
NVIDIA 1.3432 0.1618 1.4459
NVIDIA 1.3607 0.1597 1.2928
NVIDIA 1.2455 0.1628 1.4070
NVIDIA 1.2788 0.1608 1.2545
NVIDIA 1.5419 0.1628 1.1519
NVIDIA 1.3296 0.1618 1.2566
NVIDIA 1.0715 0.1638 0.8736
NVIDIA 0.9875 0.1597 0.8991
NVIDIA 0.9876 0.1628 0.8990
NVIDIA 1.1463 0.1597 0.8746
NVIDIA 1.0151 0.1618 0.9922
NVIDIA 1.0039 0.1618 0.8734
NVIDIA 1.0858 0.1618 0.8744
NVIDIA 1.0899 0.1628 0.9064
NVIDIA 1.2343 0.1608 0.9071
0.5479
AMD 0.3001 0.5760 0.2850
AMD 0.2699 0.8710 0.2828
AMD 0.3647 0.4606 0.2912
AMD 0.2823 0.4365 0.2790
AMD 0.2852 0.5588 0.2813
AMD 0.2704 0.6032 0.2702
AMD 0.2309 0.7201 0.2651
AMD 0.2552 0.6637 0.2887
AMD 0.2661 0.6540 0.2795
AMD 0.2511 0.5687 0.2804
AMD 0.2623 0.4929 0.2684
AMD 0.2563 0.2851 0.2705
AMD 0.2617 0.2877 0.2744
AMD 0.2514 0.2909 0.2578
AMD 0.2736 0.3220 0.3658
AMD 0.2435 0.3273 0.2704
AMD 0.2572 0.3212 0.2659
AMD 0.3790 0.3561 0.2634
AMD 0.2492 0.3421 0.2688
AMD 0.2586 0.3125 0.2619
NVIDIA 1.4728 0.1710 1.2088
NVIDIA 1.2926 0.1608 1.3649
NVIDIA 1.4328 0.1618 1.3670
NVIDIA 1.3050 0.1608 1.2934
NVIDIA 1.6115 0.1618 1.3222
NVIDIA 1.2442 0.1608 1.3117
NVIDIA 1.4502 0.1618 1.4388
NVIDIA 1.3531 0.1618 1.5611
NVIDIA 1.4068 0.1628 1.2421
NVIDIA 1.3116 0.1618 1.2584
NVIDIA 1.2709 0.1608 0.9605
NVIDIA 1.0940 0.1638 1.0148
NVIDIA 1.0132 0.1621 0.8735
NVIDIA 1.0060 0.1638 0.9860
NVIDIA 1.1555 0.1621 0.8582
NVIDIA 1.0311 0.1611 0.8734
NVIDIA 1.1135 0.1597 0.8826
NVIDIA 1.0541 0.1628 0.9635
NVIDIA 1.0377 0.1620 0.9004
NVIDIA 1.1787 0.1618 1.0822
0.5115
AMD 0.5116 0.3855 0.2956
AMD 0.2650 0.5308 0.2773
AMD 0.2843 0.7323 0.2758
AMD 0.2834 1.2498 0.2731
AMD 0.2869 1.2513 0.2742
AMD 0.2629 1.2414 0.2826
AMD 0.2584 0.6763 0.2900
AMD 0.2448 0.5555 0.2890
AMD 0.3697 0.5595 0.2883
AMD 0.2481 0.5140 0.2758
AMD 0.2555 0.3025 0.2653
AMD 0.2541 0.2800 0.2576
AMD 0.2536 0.2852 0.3451
AMD 0.2457 0.3005 0.2683
AMD 0.2516 0.3144 0.4480
AMD 0.2481 0.4078 0.2549
AMD 0.2471 0.2918 0.2583
AMD 0.2530 0.2839 0.2588
AMD 0.2463 0.2898 0.2600
AMD 0.2540 0.2748 0.5317
NVIDIA 1.3449 0.1730 1.0846
NVIDIA 1.3039 0.1618 1.1449
NVIDIA 1.2579 0.1628 1.1042
NVIDIA 1.3228 0.1618 1.2718
NVIDIA 1.4028 0.1609 1.3736
NVIDIA 1.2593 0.1597 1.3992
NVIDIA 1.2937 0.1628 1.0677
NVIDIA 1.1910 0.1628 1.1044
NVIDIA 1.2186 0.1618 1.1879
NVIDIA 1.2657 0.1628 1.1524
NVIDIA 1.1677 0.1628 1.1537
NVIDIA 0.9906 0.1618 1.3773
NVIDIA 0.9886 0.1618 1.0721
NVIDIA 0.9793 0.1628 1.2021
NVIDIA 1.1053 0.1628 1.1330
NVIDIA 1.0459 0.1618 1.0136
NVIDIA 1.0480 0.1628 0.9072
NVIDIA 1.3511 0.1618 0.8827
NVIDIA 1.3675 0.1608 0.9155
NVIDIA 1.2374 0.1618 0.9317
0.5292
AMD 0.4028 0.3610 0.2783
AMD 0.3986 0.4493 0.2774
AMD 0.2839 0.7121 0.2723
AMD 0.2706 0.7908 0.3321
AMD 0.2676 0.5734 0.2754
AMD 0.2505 0.5354 0.2760
AMD 0.2499 0.4978 0.2683
AMD 0.3553 0.7649 0.2827
AMD 0.2495 0.5732 0.2712
AMD 0.2548 0.4623 0.2684
AMD 0.2493 0.4488 0.3827
AMD 0.2595 0.3419 0.2913
AMD 0.2541 0.3935 0.2747
AMD 0.2573 0.3230 0.2784
AMD 0.2484 0.3233 0.2718
AMD 0.2567 0.3304 0.2849
AMD 0.2447 0.3058 0.3842
AMD 0.2627 0.2947 0.2706
AMD 0.2509 0.2881 0.2703
AMD 0.2632 0.2887 0.2698
NVIDIA 1.5384 0.1713 1.0158
NVIDIA 1.4487 0.1609 1.1847
NVIDIA 1.4124 0.1597 1.3045
NVIDIA 1.2498 0.1628 1.1695
NVIDIA 1.1821 0.1597 1.1868
NVIDIA 1.1990 0.1618 1.1764
NVIDIA 1.2621 0.1638 1.4537
NVIDIA 1.2429 0.1628 1.5728
NVIDIA 1.3428 0.1618 1.4972
NVIDIA 1.1149 0.1608 1.2369
NVIDIA 1.1966 0.1619 1.3244
NVIDIA 1.0981 0.1630 1.2473
NVIDIA 1.1411 0.1618 1.2083
NVIDIA 1.1412 0.1618 1.0219
NVIDIA 1.0725 0.1618 1.0722
NVIDIA 1.1462 0.1628 0.9882
NVIDIA 3.2946 0.1628 1.2666
NVIDIA 1.0940 0.1628 0.9892
NVIDIA 1.1268 0.1618 0.9695
NVIDIA 1.0961 0.1628 0.9808
0.5078
AMD 0.4023 0.3721 0.2871
AMD 0.3205 0.3625 0.2696
AMD 0.2723 0.4395 0.2752
AMD 0.2646 0.5889 0.2709
AMD 0.2495 0.6414 0.3105
AMD 0.2602 0.6431 0.2750
AMD 0.2456 0.6471 0.2741
AMD 0.3583 0.7248 0.2765
AMD 0.2486 0.8189 0.2867
AMD 0.2579 0.5416 0.2855
AMD 0.2479 0.5122 0.2799
AMD 0.2602 0.3336 0.4008
AMD 0.2473 0.3150 0.2825
AMD 0.2579 0.4349 0.2759
AMD 0.2499 0.3083 0.2928
AMD 0.3933 0.2788 0.2594
AMD 0.2809 0.2559 0.2644
AMD 0.2485 0.2635 0.2704
AMD 0.2710 0.2900 0.2762
AMD 0.2569 0.2873 0.2588
NVIDIA 1.2363 0.1716 1.0417
NVIDIA 1.1588 0.1618 1.1209
NVIDIA 1.3582 0.1597 1.0648
NVIDIA 1.2801 0.1628 1.1176
NVIDIA 1.3828 0.1628 1.0915
NVIDIA 1.2201 0.1618 1.1734
NVIDIA 1.1054 0.1608 1.3570
NVIDIA 1.1540 0.1618 1.2022
NVIDIA 1.1335 0.1628 1.2627
NVIDIA 1.4398 0.1618 1.4575
NVIDIA 1.2181 0.1628 1.1828
NVIDIA 1.4826 0.1618 1.1141
NVIDIA 1.1913 0.1631 0.9904
NVIDIA 1.2589 0.1618 0.8744
NVIDIA 1.1053 0.1608 0.8736
NVIDIA 1.0731 0.1628 0.9955
NVIDIA 3.2609 0.1608 0.8745
NVIDIA 1.1360 0.1628 0.9013
NVIDIA 1.1268 0.1618 0.8908
NVIDIA 1.1365 0.1609 0.9235
0.5138
AMD 0.3959 0.5401 0.2971
AMD 0.3592 0.4860 0.2955
AMD 0.2698 0.4841 0.2920
AMD 0.2797 0.3422 0.2740
AMD 0.2764 0.3446 0.2830
AMD 0.2489 0.4263 0.2832
AMD 0.2805 0.3301 0.3086
AMD 0.2602 0.3200 0.2851
AMD 0.2792 0.3407 0.2890
AMD 0.2600 0.3585 0.2610
AMD 0.2616 0.3572 0.2645
AMD 0.2603 0.3417 0.3103
AMD 0.2517 0.3413 0.2677
AMD 0.2624 0.3402 0.2689
AMD 0.2490 0.3352 0.2723
AMD 0.2642 0.3404 0.2845
AMD 0.2516 0.3392 0.2649
AMD 0.2488 0.3255 0.2903
AMD 0.2537 0.3248 0.2741
AMD 0.2531 0.3209 0.2767
NVIDIA 1.2908 0.1731 1.0196
NVIDIA 1.1586 0.1608 1.5166
NVIDIA 1.2894 0.1608 1.5549
NVIDIA 1.4302 0.1628 1.3045
NVIDIA 1.7283 0.1618 1.4812
NVIDIA 1.7019 0.1629 1.3192
NVIDIA 1.3845 0.1628 1.2637
NVIDIA 1.1704 0.1618 1.4253
NVIDIA 1.3566 0.1608 1.0820
NVIDIA 1.1252 0.1618 1.1116
NVIDIA 1.2104 0.1608 1.4537
NVIDIA 1.2863 0.1618 1.3389
NVIDIA 1.3214 0.1618 1.1438
NVIDIA 1.1032 0.1608 1.1345
NVIDIA 1.1124 0.1638 0.9965
NVIDIA 1.2343 0.1628 0.9067
NVIDIA 1.1371 0.1628 0.9830
NVIDIA 1.2927 0.1618 0.8581
NVIDIA 1.1268 0.1609 0.9074
NVIDIA 1.1124 0.1618 0.8836
0.5882
AMD 0.4101 1.2440 0.2718
AMD 0.3223 1.2202 0.2774
AMD 0.2608 1.2203 0.2683
AMD 0.2552 1.1501 0.2817
AMD 0.2437 0.6301 0.2849
AMD 0.2582 0.6297 0.2807
AMD 0.2481 0.5875 0.2869
AMD 0.2507 0.5219 0.2950
AMD 0.2505 0.5261 0.2837
AMD 0.3468 0.3985 0.2808
AMD 0.2592 0.3808 0.3360
AMD 0.2672 0.3695 0.2655
AMD 0.2601 0.3185 0.2648
AMD 0.2817 0.3100 0.2754
AMD 0.2657 0.3156 0.2581
AMD 0.2784 0.3618 0.2505
AMD 0.2724 0.2420 0.2561
AMD 0.2593 0.2445 0.2671
AMD 0.2406 0.2540 0.2779
AMD 0.2457 0.2543 0.2675
NVIDIA 1.1471 0.1730 1.0723
NVIDIA 1.2194 0.1608 1.1789
NVIDIA 1.3502 0.1628 1.4625
NVIDIA 1.2370 0.1608 1.3062
NVIDIA 1.3039 0.1608 1.2948
NVIDIA 1.4059 0.1628 1.3052
NVIDIA 1.4012 0.1609 1.5616
NVIDIA 1.5491 0.1618 1.1794
NVIDIA 1.5409 0.1618 1.4285
NVIDIA 1.5855 0.1631 1.2317
NVIDIA 1.5957 0.1620 1.5258
NVIDIA 1.4524 0.1618 1.1208
NVIDIA 1.2292 0.1618 0.9474
NVIDIA 1.2312 0.1628 0.9717
NVIDIA 1.0950 0.1618 0.9729
NVIDIA 1.1145 0.1608 1.0065
NVIDIA 1.1391 0.1601 0.9067
NVIDIA 1.0950 0.1608 0.9227
NVIDIA 1.3275 0.1608 0.9411
NVIDIA 1.1277 0.1638 0.9071
0.5089
AMD 0.3966 0.3750 0.3657
AMD 0.4061 0.6671 0.2702
AMD 0.2663 1.2358 0.2684
AMD 0.2439 1.2337 0.2744
AMD 0.2544 1.0412 0.2850
AMD 0.2541 0.4918 0.2824
AMD 0.2569 0.5417 0.2876
AMD 0.2491 0.3335 0.2822
AMD 0.2507 0.2528 0.3774
AMD 0.2562 0.2346 0.2866
AMD 0.2480 0.2667 0.2724
AMD 0.2561 0.3006 0.2776
AMD 0.2468 0.2945 0.2665
AMD 0.3785 0.3029 0.2742
AMD 0.2526 0.2960 0.3856
AMD 0.2806 0.2628 0.2720
AMD 0.2597 0.2698 0.2749
AMD 0.2767 0.2599 0.2593
AMD 0.2656 0.2623 0.2586
AMD 0.2687 0.2567 0.2568
NVIDIA 1.2437 0.1729 1.0267
NVIDIA 1.2014 0.1628 1.0944
NVIDIA 1.3516 0.1618 1.2620
NVIDIA 1.3152 0.1608 1.4534
NVIDIA 1.3502 0.1609 1.5533
NVIDIA 1.3060 0.1618 1.2216
NVIDIA 1.3304 0.1608 1.2648
NVIDIA 1.4626 0.1608 1.2053
NVIDIA 1.4361 0.1608 1.2412
NVIDIA 1.2703 0.1608 1.1822
NVIDIA 1.4258 0.1608 1.0394
NVIDIA 1.1575 0.1618 1.0448
NVIDIA 1.0300 0.1618 0.9815
NVIDIA 1.0377 0.1619 0.9856
NVIDIA 1.0633 0.1618 0.8828
NVIDIA 2.8973 0.1649 0.8898
NVIDIA 1.1023 0.1628 0.8570
NVIDIA 1.1268 0.1618 0.8571
NVIDIA 1.1129 0.1608 0.9815
NVIDIA 1.1626 0.1618 0.8836
0.5136
AMD 0.3976 0.4324 0.2767
AMD 0.3076 0.3642 0.2776
AMD 0.2774 0.5661 0.2776
AMD 0.2573 0.8224 0.3830
AMD 0.2569 0.5303 0.2830
AMD 0.2432 0.4483 0.2839
AMD 0.2573 0.4744 0.2767
AMD 0.2654 0.4642 0.2848
AMD 0.3835 0.4230 0.2687
AMD 0.2645 0.3770 0.2700
AMD 0.2652 0.4027 0.2539
AMD 0.2924 0.3372 0.2581
AMD 0.2650 0.2976 0.2742
AMD 0.2634 0.2816 0.2680
AMD 0.3802 0.3873 0.2872
AMD 0.2418 0.2865 0.3666
AMD 0.2614 0.2853 0.2739
AMD 0.2479 0.2791 0.2696
AMD 0.2506 0.2698 0.3260
AMD 0.2469 0.3243 0.2655
NVIDIA 1.1833 0.1721 1.1739
NVIDIA 1.3969 0.1618 1.2943
NVIDIA 1.3521 0.1597 1.5113
NVIDIA 1.2635 0.1638 1.2595
NVIDIA 1.5977 0.1618 1.3649
NVIDIA 1.4557 0.1628 1.2953
NVIDIA 1.3378 0.1628 1.3249
NVIDIA 1.2988 0.1608 1.3782
NVIDIA 1.5798 0.1628 1.5139
NVIDIA 1.3289 0.1618 1.3557
NVIDIA 1.3623 0.1608 1.1193
NVIDIA 1.2292 0.1608 0.9942
NVIDIA 1.1497 0.1632 0.9564
NVIDIA 1.1537 0.1618 0.9144
NVIDIA 1.1606 0.1628 1.0556
NVIDIA 1.2512 0.1618 0.8912
NVIDIA 1.0858 0.1618 0.9153
NVIDIA 1.0772 0.1638 0.8995
NVIDIA 1.1032 0.1608 0.9076
NVIDIA 1.0602 0.1628 0.8907
